# geographies

ZCTA_alameda_2020 <- c(
  "94587", "94621", "94612", "94710", "94706", "94545", "94579", "94607", "94603", "94608",
  "94707", "94501", "94611", "94613", "94618", "94551", "94606", "94546", "94610", "94703",
  "94514", "94709", "94578", "94541", "94544", "94505", "94586", "95391", "95377", "94619",
  "94601", "94602", "94708", "94588", "94705", "94560", "94568", "94555", "94538", "94720",
  "94536", "94702", "94577", "94580", "94542", "94704", "94539", "94605", "94609", "94502",
  "94550", "94566", "94552"
)

#HUD version
alameda_zips <- c(
  "94537", "94586", "94563", "94662", "94612", "94666", "94615", "94707",
  "95377", "94502", "94588", "94608", "94614", "94609", "94709", "94712",
  "94536", "94539", "94543", "94550", "94551", "94577", "94578", "94566",
  "94618", "94621", "94701", "94610", "94538", "94545", "94540", "94542",
  "94587", "94623", "94613", "94705", "94546", "94601", "94619", "94661",
  "94703", "94708", "94720", "94501", "94552", "94602", "94580", "94560",
  "94568", "94624", "94611", "94706", "95035", "95391", "94514", "94505",
  "94541", "94579", "94555", "94557", "94620", "94544", "94604", "94603",
  "94605", "94606", "94607", "94702", "94704", "94710"
)

Places_GEOID_2020 <- c(
  "0600562",  # Alameda city
  "0600674",  # Albany city
  "0602980",  # Berkeley city
  "0606000",  # Dublin city
  "0611964",  # Emeryville city
  "0612902",  # Fremont city
  "0620018",  # Hayward city
  "0622594",  # Livermore city
  "0623350",  # Newark city
  "0626000",  # Oakland city
  "0633000",  # Piedmont city
  "0641992",  # Pleasanton city
  "0650916",  # San Leandro city
  "0653000",  # Union City city
  "0656938",  # Ashland CDP
  "0657792",  # Castro Valley CDP
  "0668084",  # Cherryland CDP
  "0668112",  # Fairview CDP
  "0677042",  # Sunol CDP
  "0681204"   # San Lorenzo CDP
)
pumas_alameda_2010 <- c("00101", "00102", "00103", "00104", "00105", "00106", "00107", "00108", "00109","00110")
pumas_alameda_2020<-c("00101","00111","00112","00113","00114","00115","00116","00117","00118","00119","00120","00121","00122","00123")




